0.5 401 0.095 0.35 0.90 0.020 0.008 0.017 54 269 20 80 26 68 6 273 
0.5 401 0.095 0.35 0.90 0.020 0.008 0.017 54 269 20 80 26 68 6 293 
0.5 401 0.095 0.35 0.90 0.020 0.008 0.017 54 269 20 80 26 68 6 253 
0.5 401 0.095 0.35 0.90 0.020 0.008 0.017 54 269 20 80 26 68 6 233 
0.5 389 0.093 0.32 0.86 0.018 0.010 0.018 54 236 39 61 46 49 5 273 
0.5 389 0.093 0.32 0.86 0.018 0.010 0.018 54 236 39 61 46 49 5 293 
0.5 389 0.093 0.32 0.86 0.018 0.010 0.018 54 236 39 61 46 49 5 253 
0.5 389 0.093 0.32 0.86 0.018 0.010 0.018 54 236 39 61 46 49 5 233 
0.5 375 0.096 0.30 0.80 0.013 0.012 0.017 47 265 51 49 36 64 0 273 
0.5 375 0.096 0.30 0.80 0.013 0.012 0.017 47 265 51 49 36 64 0 293 
0.5 375 0.096 0.30 0.80 0.013 0.012 0.017 47 265 51 49 36 64 0 253 
0.5 375 0.096 0.30 0.80 0.013 0.012 0.017 47 265 51 49 36 64 0 233 
0.5 347 0.100 0.28 0.82 0.014 0.012 0.020 45 258 78 22 62 22 16 273
0.5 347 0.100 0.28 0.82 0.014 0.012 0.020 45 258 78 22 62 22 16 293 
0.5 347 0.100 0.28 0.82 0.014 0.012 0.020 45 258 78 22 62 22 16 253 
0.5 347 0.100 0.28 0.82 0.014 0.012 0.020 45 258 78 22 62 22 16 233 
0.5 457 0.088 0.35 1.38 0.022 0.004 0.020 109 268 35 65 25 75 0 273 
0.5 457 0.088 0.35 1.38 0.022 0.004 0.020 109 268 35 65 25 75 0 293 
0.5 457 0.088 0.35 1.38 0.022 0.004 0.020 109 268 35 65 25 75 0 253 
0.5 457 0.088 0.35 1.38 0.022 0.004 0.020 109 268 35 65 25 75 0 233 
0.5 432 0.089 0.32 1.36 0.019 0.005 0.018 85 237 39 61 27 73 0 273 
0.5 432 0.089 0.32 1.36 0.019 0.005 0.018 85 237 39 61 27 73 0  293 
0.5 432 0.089 0.32 1.36 0.019 0.005 0.018 85 237 39 61 27 73 0  253 
0.5 432 0.089 0.32 1.36 0.019 0.005 0.018 85 237 39 61 27 73 0  233 
0.5 435 0.092 0.31 1.33 0.016 0.005 0.017 84 252 14 86 25 75 0  273 
0.5 435 0.092 0.31 1.33 0.016 0.005 0.017 84 252 14 86 25 75 0  293 
0.5 435 0.092 0.31 1.33 0.016 0.005 0.017 84 252 14 86 25 75 0  253 
0.5 435 0.092 0.31 1.33 0.016 0.005 0.017 84 252 14 86 25 75 0  233 
0.5 413 0.090 0.33 1.19 0.015 0.007 0.020 78 234 91 9 45 44 11  273 
0.5 413 0.090 0.33 1.19 0.015 0.007 0.020 78 234 91 9 45 44 11  293 
0.5 413 0.090 0.33 1.19 0.015 0.007 0.020 78 234 91 9 45 44 11  253 
0.5 413 0.090 0.33 1.19 0.015 0.007 0.020 78 234 91 9 45 44 11  233 
0.5 405 0.075 0.47 1.31 0.020 0.014 0.019 49 465 31 69 35 52 13 273 
0.5 405 0.075 0.47 1.31 0.020 0.014 0.019 49 465 31 69 35 52 13 293 
0.5 405 0.075 0.47 1.31 0.020 0.014 0.019 49 465 31 69 35 52 13 253 
0.5 405 0.075 0.47 1.31 0.020 0.014 0.019 49 465 31 69 35 52 13 233 
0.5 389 0.078 0.44 1.24 0.018 0.012 0.022 61 479 34 66 31 44 25 273 
0.5 389 0.078 0.44 1.24 0.018 0.012 0.022 61 479 34 66 31 44 25 293 
0.5 389 0.078 0.44 1.24 0.018 0.012 0.022 61 479 34 66 31 44 25 253 
0.5 389 0.078 0.44 1.24 0.018 0.012 0.022 61 479 34 66 31 44 25 233 
0.5 382 0.080 0.36 1.02 0.014 0.014 0.023 51 513 38 62 29 41 30 273 
0.5 382 0.080 0.36 1.02 0.014 0.014 0.023 51 513 38 62 29 41 30 293 
0.5 382 0.080 0.36 1.02 0.014 0.014 0.023 51 513 38 62 29 41 30 253 
0.5 382 0.080 0.36 1.02 0.014 0.014 0.023 51 513 38 62 29 41 30 233 
0.5 456 0.077 0.44 1.61 0.021 0.012 0.018 105 434 0 100 23 71 6 273 
0.5 456 0.077 0.44 1.61 0.021 0.012 0.018 105 434 0 100 23 71 6 293 
0.5 456 0.077 0.44 1.61 0.021 0.012 0.018 105 434 0 100 23 71 6 253 
0.5 456 0.077 0.44 1.61 0.021 0.012 0.018 105 434 0 100 23 71 6 233 
0.5 441 0.071 0.40 1.55 0.019 0.013 0.020 81 423 37 63 31 64 5  273 
-0.5 437 0.029 0.55 1.08 0.008 0.011 0.002 72 342 16 84 59 13 28 273 
-0.5 437 0.029 0.55 1.08 0.008 0.011 0.002 72 342 16 84 59 13 28 293 
-0.5 437 0.029 0.55 1.08 0.008 0.011 0.002 72 342 16 84 59 13 28 253 
-0.5 437 0.029 0.55 1.08 0.008 0.011 0.002 72 342 16 84 59 13 28 233 
-0.5 449 0.061 0.53 1.01 0.010 0.009 0.001 79 307 20 80 40 29 31 273 
-0.5 449 0.061 0.53 1.01 0.010 0.009 0.001 79 307 20 80 40 29 31 293 
-0.5 449 0.061 0.53 1.01 0.010 0.009 0.001 79 307 20 80 40 29 31 253 
-0.5 449 0.061 0.53 1.01 0.010 0.009 0.001 79 307 20 80 40 29 31 233 
-0.5 492 0.080 0.58 1.15 0.010 0.010 0.001 52 310 25 75 29 50 21 273 
-0.5 492 0.080 0.58 1.15 0.010 0.010 0.001 52 310 25 75 29 50 21 293 
-0.5 492 0.080 0.58 1.15 0.010 0.010 0.001 52 310 25 75 29 50 21 253 
-0.5 492 0.080 0.58 1.15 0.010 0.010 0.001 52 310 25 75 29 50 21 233 
-0.5 507 0.100 0.55 1.02 0.010 0.010 0.001 62 262 26 74 24 62 14 273 
-0.5 507 0.100 0.55 1.02 0.010 0.010 0.001 62 262 26 74 24 62 14 293 
-0.5 507 0.100 0.55 1.02 0.010 0.010 0.001 62 262 26 74 24 62 14 253 
-0.5 507 0.100 0.55 1.02 0.010 0.010 0.001 62 262 26 74 24 62 14 233 
-0.5 423 0.030 0.45 0.78 0.010 0.013 0.009 95  336 12 88 56 11 27 293 
-0.5 423 0.030 0.45 0.78 0.010 0.013 0.009 95  336 12 88 56 11 27 273 
-0.5 423 0.030 0.45 0.78 0.010 0.013 0.009 95  336 12 88 56 11 27 253 
-0.5 423 0.030 0.45 0.78 0.010 0.013 0.009 95  336 12 88 56 11 27 233 
-0.5 423 0.030 0.45 0.78 0.010 0.013 0.009 95  336 12 88 56 11 27 213 
-0.5 466 0.032 0.45 1.27 0.010 0.008 0.009 94  321 21 79 35 44 21 293
-0.5 466 0.032 0.45 1.27 0.010 0.008 0.009 94  321 21 79 35 44 21 273
-0.5 466 0.032 0.45 1.27 0.010 0.008 0.009 94  321 21 79 35 44 21 253
-0.5 466 0.032 0.45 1.27 0.010 0.008 0.009 94  321 21 79 35 44 21 233
-0.5 466 0.032 0.45 1.27 0.010 0.008 0.009 94  321 21 79 35 44 21 213
-0.5 511 0.031 0.42 1.71 0.010 0.004 0.008 109 297 30 70 24 65 11 293
-0.5 511 0.031 0.42 1.71 0.010 0.004 0.008 109 297 30 70 24 65 11 273
-0.5 511 0.031 0.42 1.71 0.010 0.004 0.008 109 297 30 70 24 65 11 253
-0.5 511 0.031 0.42 1.71 0.010 0.004 0.008 109 297 30 70 24 65 11 233
-0.5 511 0.031 0.42 1.71 0.010 0.004 0.008 109 297 30 70 24 65 11 213
-0.5 518 0.032 0.45 2.05 0.010 0.002 0.009 119 320 36 64 22 71  7 293
-0.5 518 0.032 0.45 2.05 0.010 0.002 0.009 119 320 36 64 22 71  7 273
-0.5 518 0.032 0.45 2.05 0.010 0.002 0.009 119 320 36 64 22 71  7 253
-0.5 518 0.032 0.45 2.05 0.010 0.002 0.009 119 320 36 64 22 71  7 233
-0.5 518 0.032 0.45 2.05 0.010 0.002 0.009 119 320 36 64 22 71  7 213
-0.5 423 0.059 0.34 0.77 0.010 0.010 0.007 66  306 18 82 40 25 35 293 
-0.5 423 0.059 0.34 0.77 0.010 0.010 0.007 66  306 18 82 40 25 35 273 
-0.5 423 0.059 0.34 0.77 0.010 0.010 0.007 66  306 18 82 40 25 35 253 
-0.5 423 0.059 0.34 0.77 0.010 0.010 0.007 66  306 18 82 40 25 35 233 
-0.5 423 0.059 0.34 0.77 0.010 0.010 0.007 66  306 18 82 40 25 35 213 
-0.5 445 0.059 0.33 1.09 0.010 0.008 0.007 64  310 23 77 31 34 35 293
-0.5 445 0.059 0.33 1.09 0.010 0.008 0.007 64  310 23 77 31 34 35 273
-0.5 445 0.059 0.33 1.09 0.010 0.008 0.007 64  310 23 77 31 34 35 253
-0.5 445 0.059 0.33 1.09 0.010 0.008 0.007 64  310 23 77 31 34 35 233
-0.5 445 0.059 0.33 1.09 0.010 0.008 0.007 64  310 23 77 31 34 35 213
-0.5 491 0.059 0.30 1.44 0.010 0.006 0.007 65  305 30 70 29 48 23 293
-0.5 491 0.059 0.30 1.44 0.010 0.006 0.007 65  305 30 70 29 48 23 273
-0.5 491 0.059 0.30 1.44 0.010 0.006 0.007 65  305 30 70 29 48 23 253
-0.5 491 0.059 0.30 1.44 0.010 0.006 0.007 65  305 30 70 29 48 23 233
-0.5 491 0.059 0.30 1.44 0.010 0.006 0.007 65  305 30 70 29 48 23 213
-0.5 487 0.065 0.33 1.83 0.010 0.003 0.007 76  291 38 62 27 63 10 293
-0.5 487 0.065 0.33 1.83 0.010 0.003 0.007 76  291 38 62 27 63 10 273
-0.5 487 0.065 0.33 1.83 0.010 0.003 0.007 76  291 38 62 27 63 10 253
-0.5 487 0.065 0.33 1.83 0.010 0.003 0.007 76  291 38 62 27 63 10 233
-0.5 487 0.065 0.33 1.83 0.010 0.003 0.007 76  291 38 62 27 63 10 213
-0.5 441 0.090 0.41 0.78 0.010 0.013 0.003 36  421 22 78 35 33 32 293 
-0.5 441 0.090 0.41 0.78 0.010 0.013 0.003 36  421 22 78 35 33 32 273 
-0.5 441 0.090 0.41 0.78 0.010 0.013 0.003 36  421 22 78 35 33 32 253 
-0.5 441 0.090 0.41 0.78 0.010 0.013 0.003 36  421 22 78 35 33 32 233 
-0.5 441 0.090 0.41 0.78 0.010 0.013 0.003 36  421 22 78 35 33 32 213 
-0.5 478 0.089 0.35 1.18 0.010 0.011 0.008 73  404 29 71 35 38 27 293
-0.5 478 0.089 0.35 1.18 0.010 0.011 0.008 73  404 29 71 35 38 27 273
-0.5 478 0.089 0.35 1.18 0.010 0.011 0.008 73  404 29 71 35 38 27 253
-0.5 478 0.089 0.35 1.18 0.010 0.011 0.008 73  404 29 71 35 38 27 233
-0.5 478 0.089 0.35 1.18 0.010 0.011 0.008 73  404 29 71 35 38 27 213
-0.5 513 0.088 0.37 1.59 0.010 0.011 0.003 77  491 36 64 23 54 23 293
-0.5 513 0.088 0.37 1.59 0.010 0.011 0.003 77  491 36 64 23 54 23 273
-0.5 513 0.088 0.37 1.59 0.010 0.011 0.003 77  491 36 64 23 54 23 253
-0.5 513 0.088 0.37 1.59 0.010 0.011 0.003 77  491 36 64 23 54 23 233
-0.5 513 0.088 0.37 1.59 0.010 0.011 0.003 77  491 36 64 23 54 23 213
-0.5 549 0.098 0.39 2.25 0.014 0.008 0.003 88  330 49 51 19 68 13 293
-0.5 549 0.098 0.39 2.25 0.014 0.008 0.003 88  330 49 51 19 68 13 273
-0.5 549 0.098 0.39 2.25 0.014 0.008 0.003 88  330 49 51 19 68 13 253
-0.5 549 0.098 0.39 2.25 0.014 0.008 0.003 88  330 49 51 19 68 13 233
-0.5 549 0.098 0.39 2.25 0.014 0.008 0.003 88  330 49 51 19 68 13 213
-0.5 460 0.120 0.43 0.86 0.014 0.011 0.005 54  329 27 73 29 49 22 293 
-0.5 460 0.120 0.43 0.86 0.014 0.011 0.005 54  329 27 73 29 49 22 273 
-0.5 460 0.120 0.43 0.86 0.014 0.011 0.005 54  329 27 73 29 49 22 253 
-0.5 460 0.120 0.43 0.86 0.014 0.011 0.005 54  329 27 73 29 49 22 233 
-0.5 460 0.120 0.43 0.86 0.014 0.011 0.005 54  329 27 73 29 49 22 213 
-0.5 538 0.120 0.44 1.35 0.014 0.010 0.003 55  326 35 65 20 67 13 293
-0.5 538 0.120 0.44 1.35 0.014 0.010 0.003 55  326 35 65 20 67 13 273
-0.5 538 0.120 0.44 1.35 0.014 0.010 0.003 55  326 35 65 20 67 13 253
-0.5 538 0.120 0.44 1.35 0.014 0.010 0.003 55  326 35 65 20 67 13 233
-0.5 538 0.120 0.44 1.35 0.014 0.010 0.003 55  326 35 65 20 67 13 213
-0.5 541 0.130 0.37 1.83 0.011 0.010 0.003 63  318 45 55 21 63 16 293
-0.5 541 0.130 0.37 1.83 0.011 0.010 0.003 63  318 45 55 21 63 16 273
-0.5 541 0.130 0.37 1.83 0.011 0.010 0.003 63  318 45 55 21 63 16 253
-0.5 541 0.130 0.37 1.83 0.011 0.010 0.003 63  318 45 55 21 63 16 233
-0.5 541 0.130 0.37 1.83 0.011 0.010 0.003 63  318 45 55 21 63 16 213
-0.5 645 0.110 0.36 2.18 0.011 0.008 0.003 74  342 49 51 16 66 18 293
-0.5 645 0.110 0.36 2.18 0.011 0.008 0.003 74  342 49 51 16 66 18 273
-0.5 645 0.110 0.36 2.18 0.011 0.008 0.003 74  342 49 51 16 66 18 253
-0.5 645 0.110 0.36 2.18 0.011 0.008 0.003 74  342 49 51 16 66 18 233
-0.5 645 0.110 0.36 2.18 0.011 0.008 0.003 74  342 49 51 16 66 18 213
0.5 441 0.071 0.40 1.55 0.019 0.013 0.020 81 423 37 63 31 64 5  293 
0.5 441 0.071 0.40 1.55 0.019 0.013 0.020 81 423 37 63 31 64 5  253 
0.5 441 0.071 0.40 1.55 0.019 0.013 0.020 81 423 37 63 31 64 5  233 
0.5 438 0.073 0.39 1.55 0.018 0.012 0.022 72 463 38 62 36 60 4 273 
0.5 438 0.073 0.39 1.55 0.018 0.012 0.022 72 463 38 62 36 60 4 293 
0.5 438 0.073 0.39 1.55 0.018 0.012 0.022 72 463 38 62 36 60 4 253 
0.5 438 0.073 0.39 1.55 0.018 0.012 0.022 72 463 38 62 36 60 4 233 
0.5 482 0.068 0.90 1.20 0.024 0.016 0.027 27 789 0 100 34 66 0 273 
0.5 482 0.068 0.90 1.20 0.024 0.016 0.027 27 789 0 100 34 66 0 293 
0.5 482 0.068 0.90 1.20 0.024 0.016 0.027 27 789 0 100 34 66 0 253 
0.5 482 0.068 0.90 1.20 0.024 0.016 0.027 27 789 0 100 34 66 0 233 
0.5 462 0.066 0.80 1.12 0.021 0.017 0.033 26 774 74 26 36 57 7 273 
0.5 462 0.066 0.80 1.12 0.021 0.017 0.033 26 774 74 26 36 57 7 293 
0.5 462 0.066 0.80 1.12 0.021 0.017 0.033 26 774 74 26 36 57 7 253 
0.5 462 0.066 0.80 1.12 0.021 0.017 0.033 26 774 74 26 36 57 7 233 
0.5 451 0.060 0.68 1.00 0.017 0.016 0.040 27 821 12 88 35 53 12 273 
0.5 451 0.060 0.68 1.00 0.017 0.016 0.040 27 821 12 88 35 53 12 293 
0.5 451 0.060 0.68 1.00 0.017 0.016 0.040 27 821 12 88 35 53 12 253 
0.5 451 0.060 0.68 1.00 0.017 0.016 0.040 27 821 12 88 35 53 12 233 
0.5 530 0.070 1.14 1.45 0.027 0.015 0.023 37 699 0 100 24 76 0 273 
0.5 530 0.070 1.14 1.45 0.027 0.015 0.023 37 699 0 100 24 76 0 293 
0.5 530 0.070 1.14 1.45 0.027 0.015 0.023 37 699 0 100 24 76 0 253 
0.5 530 0.070 1.14 1.45 0.027 0.015 0.023 37 699 0 100 24 76 0 233 
0.5 516 0.064 0.95 1.33 0.024 0.013 0.028 42 765 50 50 32 68 0 273 
0.5 516 0.064 0.95 1.33 0.024 0.013 0.028 42 765 50 50 32 68 0 293 
0.5 516 0.064 0.95 1.33 0.024 0.013 0.028 42 765 50 50 32 68 0 253 
0.5 516 0.064 0.95 1.33 0.024 0.013 0.028 42 765 50 50 32 68 0 233 
0.5 480 0.073 0.76 1.14 0.018 0.015 0.035 46 711 46 54 27 68 5 273 
0.5 480 0.073 0.76 1.14 0.018 0.015 0.035 46 711 46 54 27 68 5 293 
0.5 480 0.073 0.76 1.14 0.018 0.015 0.035 46 711 46 54 27 68 5 253 
0.5 480 0.073 0.76 1.14 0.018 0.015 0.035 46 711 46 54 27 68 5 233 
0.5 588 0.072 1.08 1.71 0.028 0.015 0.032 65 609 61 39 19 81 0 273 
0.5 588 0.072 1.08 1.71 0.028 0.015 0.032 65 609 61 39 19 81 0 293 
0.5 588 0.072 1.08 1.71 0.028 0.015 0.032 65 609 61 39 19 81 0 253 
0.5 588 0.072 1.08 1.71 0.028 0.015 0.032 65 609 61 39 19 81 0 233 
0.5 569 0.071 0.84 1.53 0.022 0.012 0.031 72 720 56 44 25 75 0 273 
0.5 569 0.071 0.84 1.53 0.022 0.012 0.031 72 720 56 44 25 75 0 293 
0.5 569 0.071 0.84 1.53 0.022 0.012 0.031 72 720 56 44 25 75 0 253 
0.5 569 0.071 0.84 1.53 0.022 0.012 0.031 72 720 56 44 25 75 0 233 
0.5 518 0.077 0.64 1.43 0.017 0.013 0.033 75 646 32 68 30 70 0 273 
0.5 518 0.077 0.64 1.43 0.017 0.013 0.033 75 646 32 68 30 70 0 293 
0.5 518 0.077 0.64 1.43 0.017 0.013 0.033 75 646 32 68 30 70 0 253 
0.5 518 0.077 0.64 1.43 0.017 0.013 0.033 75 646 32 68 30 70 0 233 
